44121078
44121583
44122300
44122567
44122867
44122872
44123152
44123156
44123283
44123778
44123828
44123938
44125488
44125556
44125907
44125994
44126252
44126264
44126359
44126437
44126438
44126439
44126505
44126759
44127440
44128366
44128994
44129524
44129751
44129815
44129873
44129955
44130061
44130232
44130516
44130915
44120778
44131108
44131112
44131495
44132818
44133484
44133487
44133899
44133928
44134429
44134588
44135061
44135199
44135812
44135821
44135823
44135824
44135884
44135886
44135888
44136155
44137088
44138124
44138129
44138130
44138132
44138238
44138241
44138997
44139064
44139136
44139230
44139622
44139623
44139916
44140063
44141068
44141271
44142300
44142301
44142651
44142918
44143340
44143714
44143747
